,raceId,driverId,weather_warm,weather_cold,weather_dry,weather_wet,weather_cloudy,grid,minQualifyingTime,constructorName_Alfa Romeo,constructorName_AlphaTauri,constructorName_Ferrari,constructorName_Haas F1 Team,constructorName_McLaren,constructorName_Mercedes,constructorName_Racing Point,constructorName_Red Bull,constructorName_Renault,constructorName_Williams,finishingPosition,pointsGained,laps,fastestLapSpeed,cumulativePoints,driverStanding,driver_wins,constructorPoints,constructorStanding,constructorWins,fastestLapTime
0,1037,1,0,0,0,0,1,1,101.25200000000001,0,0,0,0,0,1,0,0,0,0,1,25.0,66,209.942,132.0,1,4,221.0,1.0,5.0,79.822
1,1037,822,0,0,0,0,1,2,101.763,0,0,0,0,0,1,0,0,0,0,3,16.0,66,214.343,89.0,3,1,221.0,1.0,5.0,78.18299999999998
2,1037,830,0,0,0,0,1,3,101.77799999999999,0,0,0,0,0,0,0,1,0,0,2,18.0,66,205.677,95.0,2,1,135.0,2.0,1.0,81.477
3,1037,848,0,0,0,0,1,5,102.193,0,0,0,0,0,0,0,1,0,0,8,4.0,65,203.883,40.0,6,0,135.0,2.0,1.0,82.194
4,1037,817,0,0,0,0,1,4,102.061,0,0,0,0,0,0,0,0,1,0,11,0.0,65,203.215,20.0,10,0,36.0,6.0,0.0,82.464
5,1037,839,0,0,0,0,1,6,102.396,0,0,0,0,0,0,0,0,1,0,13,0.0,65,203.933,16.0,12,0,36.0,6.0,0.0,82.17399999999999
6,1037,832,0,0,0,0,1,7,102.438,0,0,0,0,1,0,0,0,0,0,6,8.0,65,204.938,23.0,9,0,62.0,4.0,0.0,81.771
7,1037,846,0,0,0,0,1,10,102.657,0,0,0,0,1,0,0,0,0,0,10,1.0,65,203.393,39.0,7,0,62.0,4.0,0.0,82.39200000000001
8,1037,815,0,0,0,0,1,8,102.532,0,0,0,0,0,0,1,0,0,0,5,10.0,65,203.090,32.0,8,0,63.0,3.0,0.0,82.515
9,1037,840,0,0,0,0,1,9,102.491,0,0,0,0,0,0,1,0,0,0,4,12.0,65,204.306,40.0,5,0,63.0,3.0,0.0,82.024
10,1037,826,0,0,0,0,1,11,102.72999999999999,0,1,0,0,0,0,0,0,0,0,12,0.0,65,203.531,2.0,16,0,16.0,7.0,0.0,82.336
11,1037,842,0,0,0,0,1,12,102.745,0,1,0,0,0,0,0,0,0,0,9,2.0,65,203.021,14.0,13,0,16.0,7.0,0.0,82.54299999999999
12,1037,844,0,0,0,0,1,13,102.99600000000001,0,0,1,0,0,0,0,0,0,0,,0.0,38,199.576,45.0,4,0,61.0,5.0,0.0,83.96799999999999
13,1037,20,0,0,0,0,1,14,103.261,0,0,1,0,0,0,0,0,0,0,7,6.0,65,202.618,16.0,11,0,61.0,5.0,0.0,82.70700000000001
14,1037,847,0,0,0,0,1,15,103.468,0,0,0,0,0,0,0,0,0,1,17,0.0,65,203.119,0.0,20,0,0.0,10.0,0.0,82.50299999999999
15,1037,849,0,0,0,0,1,19,104.138,0,0,0,0,0,0,0,0,0,1,18,0.0,64,204.291,0.0,19,0,0.0,10.0,0.0,82.03
16,1037,8,0,0,0,0,1,16,103.743,1,0,0,0,0,0,0,0,0,0,14,0.0,65,204.645,0.0,18,0,2.0,8.0,0.0,81.888
17,1037,841,0,0,0,0,1,18,103.95,1,0,0,0,0,0,0,0,0,0,16,0.0,65,204.863,2.0,15,0,2.0,8.0,0.0,81.801
18,1037,154,0,0,0,0,1,17,103.838,0,0,0,1,0,0,0,0,0,0,19,0.0,64,208.409,0.0,21,0,1.0,9.0,0.0,80.40899999999998
19,1037,825,0,0,0,0,1,20,104.314,0,0,0,1,0,0,0,0,0,0,15,0.0,65,200.757,1.0,17,0,1.0,9.0,0.0,83.47399999999999
