,raceId,driverId,weather_warm,weather_cold,weather_dry,weather_wet,weather_cloudy,grid,minQualifyingTime,constructorName_Alfa Romeo,constructorName_AlphaTauri,constructorName_Ferrari,constructorName_Haas F1 Team,constructorName_McLaren,constructorName_Mercedes,constructorName_Racing Point,constructorName_Red Bull,constructorName_Renault,constructorName_Williams,finishingPosition,pointsGained,laps,fastestLapSpeed,cumulativePoints,driverStanding,driver_wins,constructorPoints,constructorStanding,constructorWins,fastestLapTime
0,1041,822,0,0,0,0,0,1,85.269,0,0,0,0,0,1,0,0,0,0,1,26.0,53.0,216.972,161.0,2.0,2.0,366.0,1.0,8.0,97.03
1,1041,1,0,0,0,0,0,2,85.39,0,0,0,0,0,1,0,0,0,0,3,15.0,53.0,214.660,205.0,1.0,6.0,366.0,1.0,8.0,98.075
2,1041,830,0,0,0,0,0,3,85.467,0,0,0,0,0,0,0,1,0,0,2,18.0,53.0,216.298,128.0,3.0,1.0,192.0,2.0,1.0,97.33200000000001
3,1041,848,0,0,0,0,0,5,86.047,0,0,0,0,0,0,0,1,0,0,10,1.0,53.0,214.001,64.0,5.0,0.0,192.0,2.0,1.0,98.377
4,1041,844,0,0,0,0,0,4,86.035,0,0,1,0,0,0,0,0,0,0,6,8.0,53.0,212.540,57.0,7.0,0.0,74.0,6.0,0.0,99.053
5,1041,20,0,0,0,0,0,11,86.738,0,0,1,0,0,0,0,0,0,0,13,0.0,52.0,211.398,17.0,13.0,0.0,74.0,6.0,0.0,99.588
6,1041,817,0,0,0,0,0,6,86.096,0,0,0,0,0,0,0,0,1,0,5,10.0,53.0,215.074,63.0,6.0,0.0,99.0,5.0,0.0,97.88600000000001
7,1041,839,0,0,0,0,0,7,86.242,0,0,0,0,0,0,0,0,1,0,7,6.0,53.0,212.191,36.0,12.0,0.0,99.0,5.0,0.0,99.216
8,1041,846,0,0,0,0,0,8,86.316,0,0,0,0,1,0,0,0,0,0,15,0.0,52.0,216.198,65.0,4.0,0.0,106.0,3.0,0.0,97.377
9,1041,832,0,0,0,0,0,10,86.361,0,0,0,0,1,0,0,0,0,0,,,,,,,,,,,
10,1041,815,0,0,0,0,0,9,86.33,0,0,0,0,0,0,1,0,0,0,4,12.0,53.0,214.515,56.0,9.0,0.0,104.0,4.0,0.0,98.141
11,1041,807,0,0,0,0,0,20,88.021,0,0,0,0,0,0,1,0,0,0,,,,,,,,,,,
12,1041,842,0,0,0,0,0,12,86.776,0,1,0,0,0,0,0,0,0,0,9,2.0,53.0,216.523,45.0,10.0,1.0,59.0,7.0,1.0,97.23100000000001
13,1041,826,0,0,0,0,0,13,86.848,0,1,0,0,0,0,0,0,0,0,8,4.0,53.0,212.369,14.0,14.0,0.0,59.0,7.0,1.0,99.133
14,1041,841,0,0,0,0,0,14,86.936,1,0,0,0,0,0,0,0,0,0,11,0.0,52.0,211.021,2.0,17.0,0.0,4.0,8.0,0.0,99.766
15,1041,8,0,0,0,0,0,19,87.81700000000001,1,0,0,0,0,0,0,0,0,0,14,0.0,52.0,212.960,2.0,16.0,0.0,4.0,8.0,0.0,98.85799999999999
16,1041,825,0,0,0,0,0,15,87.125,0,0,0,1,0,0,0,0,0,0,12,0.0,52.0,209.731,1.0,18.0,0.0,1.0,9.0,0.0,100.38
17,1041,154,0,0,0,0,0,16,87.55199999999999,0,0,0,1,0,0,0,0,0,0,17,0.0,52.0,211.343,0.0,21.0,0.0,1.0,9.0,0.0,99.61399999999999
18,1041,847,0,0,0,0,0,17,87.564,0,0,0,0,0,0,0,0,0,1,18,0.0,52.0,216.254,0.0,20.0,0.0,0.0,10.0,0.0,97.352
19,1041,849,0,0,0,0,0,18,87.812,0,0,0,0,0,0,0,0,0,1,16,0.0,52.0,208.352,0.0,19.0,0.0,0.0,10.0,0.0,101.044
