,raceId,driverId,weather_warm,weather_cold,weather_dry,weather_wet,weather_cloudy,grid,minQualifyingTime,constructorName_Alfa Romeo,constructorName_AlphaTauri,constructorName_Ferrari,constructorName_Haas F1 Team,constructorName_McLaren,constructorName_Mercedes,constructorName_Racing Point,constructorName_Red Bull,constructorName_Renault,constructorName_Williams,finishingPosition,pointsGained,laps,fastestLapSpeed,cumulativePoints,driverStanding,driver_wins,constructorPoints,constructorStanding,constructorWins,fastestLapTime
0,1038,1,0,0,0,0,0,1,78.887,0,0,0,0,0,1,0,0,0,0,1,25.0,44.0,233.990,157.0,1.0,5.0,264.0,1.0,6.0,107.758
1,1038,822,0,0,0,0,0,2,78.952,0,0,0,0,0,1,0,0,0,0,2,18.0,44.0,233.503,107.0,3.0,1.0,264.0,1.0,6.0,107.98299999999999
2,1038,832,0,0,0,0,0,3,79.695,0,0,0,0,1,0,0,0,0,0,,,,,,,,,,,
3,1038,846,0,0,0,0,0,6,79.82,0,0,0,0,1,0,0,0,0,0,7,6.0,44.0,232.279,45.0,6.0,0.0,68.0,3.0,0.0,108.552
4,1038,815,0,0,0,0,0,4,79.718,0,0,0,0,0,0,1,0,0,0,10,1.0,44.0,232.628,33.0,9.0,0.0,66.0,4.0,0.0,108.389
5,1038,840,0,0,0,0,0,8,79.924,0,0,0,0,0,0,1,0,0,0,9,2.0,44.0,231.036,42.0,7.0,0.0,66.0,4.0,0.0,109.13600000000001
6,1038,830,0,0,0,0,0,5,79.78,0,0,0,0,0,0,0,1,0,0,3,15.0,44.0,232.809,110.0,2.0,1.0,158.0,2.0,1.0,108.305
7,1038,848,0,0,0,0,0,9,80.064,0,0,0,0,0,0,0,1,0,0,6,8.0,44.0,231.886,48.0,4.0,0.0,158.0,2.0,1.0,108.736
8,1038,817,0,0,0,0,0,7,79.864,0,0,0,0,0,0,0,0,1,0,4,13.0,44.0,234.589,33.0,8.0,0.0,59.0,6.0,0.0,107.48299999999999
9,1038,839,0,0,0,0,0,12,80.23400000000001,0,0,0,0,0,0,0,0,1,0,5,10.0,44.0,232.305,26.0,10.0,0.0,59.0,6.0,0.0,108.54
10,1038,842,0,0,0,0,0,10,79.90899999999999,0,1,0,0,0,0,0,0,0,0,8,4.0,44.0,233.815,18.0,12.0,0.0,20.0,7.0,0.0,107.839
11,1038,826,0,0,0,0,0,11,80.169,0,1,0,0,0,0,0,0,0,0,11,0.0,44.0,229.572,2.0,16.0,0.0,20.0,7.0,0.0,109.83200000000001
12,1038,844,0,0,0,0,0,13,80.273,0,0,1,0,0,0,0,0,0,0,14,0.0,44.0,233.813,45.0,5.0,0.0,61.0,5.0,0.0,107.84
13,1038,20,0,0,0,0,0,17,81.151,0,0,1,0,0,0,0,0,0,0,13,0.0,44.0,229.309,16.0,13.0,0.0,61.0,5.0,0.0,109.958
14,1038,8,0,0,0,0,0,14,80.926,1,0,0,0,0,0,0,0,0,0,12,0.0,44.0,229.593,0.0,18.0,0.0,2.0,8.0,0.0,109.822
15,1038,841,0,0,0,0,0,18,81.206,1,0,0,0,0,0,0,0,0,0,,0.0,9.0,225.545,2.0,15.0,0.0,2.0,8.0,0.0,111.79299999999999
16,1038,825,0,0,0,0,0,15,80.869,0,0,0,1,0,0,0,0,0,0,17,0.0,44.0,233.287,1.0,17.0,0.0,1.0,9.0,0.0,108.083
17,1038,154,0,0,0,0,0,16,81.139,0,0,0,1,0,0,0,0,0,0,15,0.0,44.0,229.184,0.0,21.0,0.0,1.0,9.0,0.0,110.01799999999999
18,1038,847,0,0,0,0,0,19,81.587,0,0,0,0,0,0,0,0,0,1,,0.0,9.0,225.624,0.0,20.0,0.0,0.0,10.0,0.0,111.754
19,1038,849,0,0,0,0,0,20,81.717,0,0,0,0,0,0,0,0,0,1,16,0.0,44.0,233.362,0.0,19.0,0.0,0.0,10.0,0.0,108.04799999999999
