,raceId,driverId,weather_warm,weather_cold,weather_dry,weather_wet,weather_cloudy,grid,minQualifyingTime,constructorName_Alfa Romeo,constructorName_AlphaTauri,constructorName_Ferrari,constructorName_Haas F1 Team,constructorName_McLaren,constructorName_Mercedes,constructorName_Racing Point,constructorName_Red Bull,constructorName_Renault,constructorName_Williams,finishingPosition,pointsGained,laps,fastestLapSpeed,cumulativePoints,driverStanding,driver_wins,constructorPoints,constructorStanding,constructorWins,fastestLapTime
0,1040,1,1,0,0,0,0,1,91.304,0,0,0,0,0,1,0,0,0,0,1,26.0,59.0,239.518,190.0,1.0,6.0,325.0,1.0,7.0,78.833
1,1040,822,1,0,0,0,0,3,91.956,0,0,0,0,0,1,0,0,0,0,2,18.0,59.0,237.712,135.0,2.0,1.0,325.0,1.0,7.0,79.432
2,1040,830,1,0,0,0,0,2,91.867,0,0,0,0,0,0,0,1,0,0,,,,,,,,,,,
3,1040,848,1,0,0,0,0,10,93.00800000000001,0,0,0,0,0,0,0,1,0,0,3,15.0,59.0,235.909,63.0,5.0,0.0,173.0,2.0,1.0,80.039
4,1040,815,1,0,0,0,0,4,92.31700000000001,0,0,0,0,0,0,1,0,0,0,5,10.0,59.0,234.175,44.0,9.0,0.0,92.0,4.0,0.0,80.632
5,1040,840,1,0,0,0,0,13,93.364,0,0,0,0,0,0,1,0,0,0,,0.0,42.0,230.077,57.0,6.0,0.0,92.0,4.0,0.0,82.068
6,1040,817,1,0,0,0,0,5,92.218,0,0,0,0,0,0,0,0,1,0,4,12.0,59.0,234.774,53.0,7.0,0.0,83.0,5.0,0.0,80.426
7,1040,839,1,0,0,0,0,7,92.624,0,0,0,0,0,0,0,0,1,0,,0.0,7.0,143.270,30.0,12.0,0.0,83.0,5.0,0.0,131.793
8,1040,832,1,0,0,0,0,6,92.55,0,0,0,0,1,0,0,0,0,0,,0.0,5.0,140.802,41.0,11.0,0.0,106.0,3.0,0.0,134.10299999999998
9,1040,846,1,0,0,0,0,8,92.84700000000001,0,0,0,0,1,0,0,0,0,0,6,8.0,59.0,232.542,65.0,4.0,0.0,106.0,3.0,0.0,81.19800000000002
10,1040,842,1,0,0,0,0,9,93.0,0,1,0,0,0,0,0,0,0,0,,,,,,,,,,,
11,1040,826,1,0,0,0,0,12,93.249,0,1,0,0,0,0,0,0,0,0,7,6.0,59.0,231.800,10.0,14.0,0.0,53.0,7.0,1.0,81.458
12,1040,844,1,0,0,0,0,11,93.239,0,0,1,0,0,0,0,0,0,0,8,4.0,59.0,232.453,49.0,8.0,0.0,66.0,6.0,0.0,81.229
13,1040,20,1,0,0,0,0,15,93.60900000000001,0,0,1,0,0,0,0,0,0,0,10,1.0,59.0,232.531,17.0,13.0,0.0,66.0,6.0,0.0,81.202
14,1040,847,1,0,0,0,0,14,93.583,0,0,0,0,0,0,0,0,0,1,11,0.0,59.0,231.269,0.0,20.0,0.0,0.0,10.0,0.0,81.645
15,1040,849,1,0,0,0,0,19,95.066,0,0,0,0,0,0,0,0,0,1,,0.0,6.0,143.736,0.0,19.0,0.0,0.0,10.0,0.0,131.365
16,1040,154,1,0,0,0,0,16,94.592,0,0,0,1,0,0,0,0,0,0,12,0.0,59.0,229.532,0.0,21.0,0.0,1.0,9.0,0.0,82.26299999999999
17,1040,825,1,0,0,0,0,18,94.681,0,0,0,1,0,0,0,0,0,0,,0.0,5.0,141.108,1.0,18.0,0.0,1.0,9.0,0.0,133.812
18,1040,841,1,0,0,0,0,17,94.594,1,0,0,0,0,0,0,0,0,0,,0.0,5.0,141.111,2.0,17.0,0.0,4.0,8.0,0.0,133.809
19,1040,8,1,0,0,0,0,20,95.267,1,0,0,0,0,0,0,0,0,0,9,2.0,59.0,232.640,2.0,16.0,0.0,4.0,8.0,0.0,81.164
