,raceId,driverId,weather_warm,weather_cold,weather_dry,weather_wet,weather_cloudy,grid,minQualifyingTime,constructorName_Alfa Romeo,constructorName_AlphaTauri,constructorName_Ferrari,constructorName_Haas F1 Team,constructorName_McLaren,constructorName_Mercedes,constructorName_Racing Point,constructorName_Red Bull,constructorName_Renault,constructorName_Williams,finishingPosition,pointsGained,laps,fastestLapSpeed,cumulativePoints,driverStanding,driver_wins,constructorPoints,constructorStanding,constructorWins,fastestLapTime
0,1039,1,1,0,0,0,0,1,75.144,0,0,0,0,0,1,0,0,0,0,7,7.0,53,252.033,164.0,1,5,281.0,1.0,6.0,82.74600000000001
1,1039,822,1,0,0,0,0,2,75.203,0,0,0,0,0,1,0,0,0,0,5,10.0,53,248.386,117.0,2,1,281.0,1.0,6.0,83.961
2,1039,830,1,0,0,0,0,3,75.471,0,0,0,0,0,0,0,1,0,0,,0.0,30,243.804,110.0,3,1,158.0,2.0,1.0,85.539
3,1039,848,1,0,0,0,0,4,75.914,0,0,0,0,0,0,0,1,0,0,15,0.0,53,245.564,48.0,6,0,158.0,2.0,1.0,84.926
4,1039,844,1,0,0,0,0,5,76.27,0,0,1,0,0,0,0,0,0,0,,0.0,23,242.424,45.0,7,0,61.0,6.0,0.0,86.02600000000001
5,1039,20,1,0,0,0,0,14,76.858,0,0,1,0,0,0,0,0,0,0,,0.0,6,239.415,16.0,13,0,61.0,6.0,0.0,87.10700000000001
6,1039,815,1,0,0,0,0,6,76.311,0,0,0,0,0,0,1,0,0,0,10,1.0,53,247.282,34.0,11,0,82.0,4.0,0.0,84.336
7,1039,840,1,0,0,0,0,7,76.271,0,0,0,0,0,0,1,0,0,0,3,15.0,53,248.576,57.0,4,0,82.0,4.0,0.0,83.89699999999998
8,1039,817,1,0,0,0,0,8,76.243,0,0,0,0,0,0,0,0,1,0,6,8.0,53,248.573,41.0,10,0,71.0,5.0,0.0,83.898
9,1039,839,1,0,0,0,0,10,76.297,0,0,0,0,0,0,0,0,1,0,8,4.0,53,246.831,30.0,12,0,71.0,5.0,0.0,84.49
10,1039,832,1,0,0,0,0,9,76.52199999999999,0,0,0,0,1,0,0,0,0,0,2,18.0,53,248.620,41.0,9,0,98.0,3.0,0.0,83.882
11,1039,846,1,0,0,0,0,11,76.64,0,0,0,0,1,0,0,0,0,0,4,12.0,53,247.587,57.0,5,0,98.0,3.0,0.0,84.23200000000001
12,1039,826,1,0,0,0,0,12,76.854,0,1,0,0,0,0,0,0,0,0,9,2.0,53,246.863,4.0,15,0,47.0,7.0,1.0,84.479
13,1039,842,1,0,0,0,0,16,77.125,0,1,0,0,0,0,0,0,0,0,1,25.0,53,248.162,43.0,8,1,47.0,7.0,1.0,84.037
14,1039,8,1,0,0,0,0,13,76.854,1,0,0,0,0,0,0,0,0,0,13,0.0,53,245.827,0.0,19,0,2.0,8.0,0.0,84.83500000000002
15,1039,841,1,0,0,0,0,17,77.22,1,0,0,0,0,0,0,0,0,0,16,0.0,53,245.766,2.0,16,0,2.0,8.0,0.0,84.85600000000001
16,1039,154,1,0,0,0,0,15,77.069,0,0,0,1,0,0,0,0,0,0,12,0.0,53,245.972,0.0,20,0,1.0,9.0,0.0,84.785
17,1039,825,1,0,0,0,0,20,77.348,0,0,0,1,0,0,0,0,0,0,,0.0,17,243.099,1.0,17,0,1.0,9.0,0.0,85.787
18,1039,847,1,0,0,0,0,18,77.232,0,0,0,0,0,0,0,0,0,1,14,0.0,53,247.033,0.0,21,0,0.0,10.0,0.0,84.42099999999998
19,1039,849,1,0,0,0,0,19,77.32,0,0,0,0,0,0,0,0,0,1,11,0.0,53,245.353,0.0,18,0,0.0,10.0,0.0,84.999
